0.11920292342785649	0.8807970765721436
0.11494027577644514	0.8850597242235549
0.11494027577644514	0.8850597242235549
0.11494027577644514	0.8850597242235549
0.11494027577644514	0.8850597242235549
0.11494027577644511	0.8850597242235549
0.11494027577644511	0.8850597242235549
0.11494027577644514	0.8850597242235549
0.11494027577644514	0.8850597242235549
0.11494027577644514	0.8850597242235549
0.11494027577644512	0.8850597242235549
0.11920292342785649	0.8807970765721436
0.11494027577644514	0.8850597242235549
0.11494027577644514	0.8850597242235549
0.11494027577644512	0.8850597242235549
0.11494027577644511	0.8850597242235549
0.11494027577644511	0.8850597242235549
0.11494027577644512	0.8850597242235549
0.11494027577644512	0.8850597242235549
0.11494027577644514	0.8850597242235549
0.11494027577644514	0.8850597242235549
0.11494027577644514	0.8850597242235549
0.11920292342785649	0.8807970765721436
0.11494027577644514	0.8850597242235549
0.11494027577644514	0.8850597242235549
0.11494027577644511	0.8850597242235549
0.11494027577644514	0.8850597242235549
0.11494027577644512	0.8850597242235549
0.11494027577644514	0.8850597242235549
0.11494027577644512	0.8850597242235549
0.11494027577644512	0.8850597242235549
0.11494027577644512	0.8850597242235549
0.11494027577644514	0.8850597242235549
0.11920292342785649	0.8807970765721436
0.11494027577644514	0.8850597242235549
0.11494027577644514	0.8850597242235549
0.11494027577644511	0.8850597242235549
0.11494027577644512	0.8850597242235549
0.11494027577644512	0.8850597242235549
0.11494027577644514	0.8850597242235549
0.11494027577644514	0.8850597242235549
0.11494027577644514	0.8850597242235549
0.11494027577644514	0.8850597242235549
0.11494027577644514	0.8850597242235549
0.11920292342785649	0.8807970765721436
0.11494027577644514	0.8850597242235549
0.11494027577644514	0.8850597242235549
0.11494027577644514	0.8850597242235549
0.11494027577644514	0.8850597242235549
0.11494027577644514	0.8850597242235549
0.11494027577644514	0.8850597242235549
0.11494027577644514	0.8850597242235549
0.11494027577644514	0.8850597242235549
0.11494027577644514	0.8850597242235549
0.11494027577644514	0.8850597242235549
0.11920292342785649	0.8807970765721436
0.11494027577644514	0.8850597242235549
0.11494027577644514	0.8850597242235549
0.11494027577644514	0.8850597242235549
0.11494027577644514	0.8850597242235549
0.11494027577644514	0.8850597242235549
0.11494027577644514	0.8850597242235549
0.11494027577644514	0.8850597242235549
0.11494027577644514	0.8850597242235549
0.11494027577644514	0.8850597242235549
0.11494027577644511	0.8850597242235549
0.11920292342785649	0.8807970765721436
0.11494027577644514	0.8850597242235549
0.11494027577644514	0.8850597242235549
0.11494027577644514	0.8850597242235549
0.11494027577644514	0.8850597242235549
0.11494027577644514	0.8850597242235549
0.11494027577644514	0.8850597242235549
0.11494027577644514	0.8850597242235549
0.11494027577644512	0.8850597242235549
0.11494027577644514	0.8850597242235549
0.11494027577644511	0.8850597242235549
0.11920292342785649	0.8807970765721436
0.11494027577644514	0.8850597242235549
0.11494027577644514	0.8850597242235549
0.11494027577644514	0.8850597242235549
0.11494027577644514	0.8850597242235549
0.11494027577644514	0.8850597242235549
0.11494027577644514	0.8850597242235549
0.11494027577644512	0.8850597242235549
0.11494027577644511	0.8850597242235549
0.11494027577644511	0.8850597242235549
0.11494027577644512	0.8850597242235549
0.11920292342785649	0.8807970765721436
0.11494027577644514	0.8850597242235549
0.11494027577644512	0.8850597242235549
0.11494027577644514	0.8850597242235549
0.11494027577644514	0.8850597242235549
0.11494027577644514	0.8850597242235549
0.11494027577644512	0.8850597242235549
0.11494027577644511	0.8850597242235549
0.11494027577644512	0.8850597242235549
0.11494027577644511	0.8850597242235549
0.11494027577644511	0.8850597242235549
0.11920292342785649	0.8807970765721436
0.06175307064840877	0.9382469293515913
0.06175307064840876	0.9382469293515913
0.06175307064840879	0.9382469293515913
0.061753070648408785	0.9382469293515913
0.061753070648408806	0.9382469293515913
0.061753070648408764	0.9382469293515913
0.06175307064840876	0.9382469293515913
0.061753070648408806	0.9382469293515913
0.06175307064840877	0.9382469293515913
0.061753070648408785	0.9382469293515913
0.026157159379416248	0.9738428406205838
0.026157159379416248	0.9738428406205838
0.026157159379416248	0.9738428406205838
0.026157159379416248	0.9738428406205838
0.026157159379416248	0.9738428406205838
0.026157159379416248	0.9738428406205838
0.026157159379416248	0.9738428406205838
0.026157159379416248	0.9738428406205838
0.026157159379416248	0.9738428406205838
0.026157159379416248	0.9738428406205838
